-68
-63
-68
-68
-64
-68
-68
-64
-64
-68
-68
-64
-68
-68
-64
-68
-62
-64
-68
-68
-64
-68
-68
-68
-68
-64
-64
-68
-68
-64
-68
-68
-68
-68
-64
-66
-68
-68
-63
-68
-62
-68
-60
-68
-65
-68
-68
-68
-68
-63
-68
-68
-65
-68
-68
-62
-59
-68
-62
-68
-68
-68
-62
-68
-68
-62
-62
-68
-68
-62
-62
-68
-68
-62
-68
-68
-68
-62
-62
-68
-68
-68
-62
-68
-62
-68
-68
-68
-62
-68
-68
-62
-68
-62
-68
-68
-68
-68
-65
-68
-62
-68
-68
-68
-68
-68
-68
-68
-68
-62
-68
-62
-68
-62
-68
-68
-62
-68
-62
-68
-59
-68
-68
-62
-68
-68
-62
-62
-68
-68
-68
-62
-68
-68
-68
-62
-68
-68
-60
-68
-68
-62
-68
-68
-62
-62
-68
-68
-59
-68
-68
-62
-68
-68
-62
-62
-68
-59
-68
-68
-68
-68
-68
-68
-68
-68
-62
-68
-62
-68
-68
-62
-68
-62
-68
-68
-62
-68
-62
-68
-68
-68
-62
-68
-68
-62
-68
-68
-59
-68
-68
-68
-62
-68
-62
-68
-62
-68
-68
-68
